"Alpha decay 2"

M238 = 238.0507884
M234 = 234.0435998
M4 = 4.00260325413

E = (M238 - M234 - M4) 931.49410372
E

Z = 90

C1 = 28.9
C2 = 1.60
C3 = 1.61

tau12 = 10^(-C1 - C2 Z^(2/3) + C3 Z / sqrt(E))
tau12
